partida 1 (0:27)
103000204
143000200
140000230
140002030
partida 2 (0:47)
103000204
103400200
100400230
104000230
004001230
024001030
324001000
304001002
304000102
324000100
024003100
004003102
304000102
300400102
000403102
004003102
partida 3 (1:41)
103000204
123000004
023000014
023400010
partida 4 (1:52)
103000204
123000004
023000014
023400010
partida 5 (2:09)
103000204
123000004
120300004
partida 6 (2:28 finaliza 3:29)
103000204
103400200
100400230
104000230
004001230
024001030
324001000
304001002
304000102
324000100
024003100
004003102
014003002
014203000
014200300
010200340
000200341
002000341
032000041
432000001
402000301