Partida 1 (de 00:48 a 7:27)(M.M)
103000204
143000200
140300200
140302000
040302010
240300010
241300000
201300400
200300410
240300010
243000010
203000410
200300410
Partida 2 (7:40 a 8:40)
103000204
143000200
140000230
140002030
Partida 3 (9:04 a 11:01)
103000204
143000200
140300200
140302000
040302010
240300010
240000013
200000413
201000403
201004003
200004013
200000413
201000403
001000423
031000420
231000400
230000410
030002410
000002413
200000413
Partida 4 (11:40 a 13:59)
103000204
143000200
043001200
003001204
000301204
020301004
120300004
100300204
103000204
103002004
100302004
140302000
040302010
240300010
240000013
200000413
201000403
241000003
240100003
200100403
230100400
Partida 5 (14:28 a 16:30)(M.M)
103000204
143000200
043000210
043002010
040302010
240300010
240000013
200000413
201000403
Partida 6 (16:57 a 18:40)(M.M)
103000204
143000200
140300200
140302000
040302010
240300010
240000013
200000413
201000403
201004003
200104003
200100403
201000403