Partida 1 ()
103000204
103400200
003401200
023401000
020401030
000401230
300401200
320401000
320400100
300400102
000400132
004000132
304000102
304200100
314200000
310200040
300200041
302000041
302100040
Partida 2 ()
103000204
123000004
120000034
120400030
020401030
024001030
024000130
004000132
004001032
000401032
003401002
023401000
023400100
023000104
020300104
Partida 3 ()
103000204
123000004
120000034
120400030
020401030
024001030
024000130
004000132
004001032
000401032
003401002
023401000
023400100
023000104
020300104
Partida 4 ()
103000204
123000004
120000034
120400030
020401030
024001030
024000130
Partida 5 ()
103000204
143000200
140000230
140002030
143002000
103002400
003002410
203000410
200300410
240300010
243000010
203000014
200300014
000302014
001302004
201300004
200300014
000302014
003002014
003402010
103402000
103400200
100400230
104000230
004001230
024001030
024000130
004000132
304000102
324000100
024000130
020400130
020401030
000401230
300401200
304001200
004001230
000401230
100400230
100402030
103402000
103002004
003002014
203000014
200300014
240300010
240000013
200000413
201000403
241000003
241300000
201300004
200300014
000302014
003002014
003402010
103402000
103400200
100400230
104000230
004001230
024001030
024000130
004000132
304000102
304200100
304201000
Partida 6 ()
103000204
143000200
043000210
043002010
040302010
240300010
240000013
Partida 7 ()
103000204
103400200
003401200
003001204
000001234
000401230
300401200
304001200
004001230
000401230
100400230
100402030
103402000
103400200
003401200
023401000
020401030
024001030
324001000
304001200
004001230
000401230
100400230
100402030
103402000
103002004
100302004
140302000
040302010
240300010
240000013
Partida 8 ()
103000204
123000004
120000034
120400030
020401030
024001030
024000130
004000132
004001032
024001030
324001000
304001200
004001230
000401230
100400230
100402030
103402000
103400200
003400210
023400010
123400000
103400002
100400032
104000032
004001032
004201030
304201000
300201040
300200140
302000140
002003140
402003100
412003000
012003040
012000340
412000300
402000301