Partida 1 (1:37)
103000204
103002004
100302004
140302000
040302010
240300010
240000013
200000413
201000403
201004003
201304000
001304020
001004023
201004003
200104003
200100403
230100400
230104000
200104300
000104320
030104020
030100420
000100423
040100023
041000023
241000003
240000013
200000413
200300410
000302410
001302400
041302000
041002003
241000003
240000013
200000413
230000410
030002410
130002400
Partida 2 (9:33) finaliza 11:38
103000204
103002004
100302004
140302000
040302010
240300010
240000013
200000413
201000403
001000423
031000420
031004020
030104020
430100020
430000021
432000001
402000301