Partida 1 (0:27)
103000204
103400200
100400230
104000230
004001230
024001030
024000130
Partida 2 (1:20)
103000204
103400200
003401200
023401000
020401030
024001030
124000030
120400030
123400000
123000004
120000034
120400030
020401030
024001030
324001000
Partida 3 (2:30)
103000204
143000200
140000230
140002030
143002000
143000200
043001200
003001204
Partida 4 (3:17)
103000204
123000004
023000014
023400010
123400000
Partida 5 (3:41)
103000204
143000200
140000230
140002030
143002000
103002004
100302004
100300204
000301204
020301004
020300104
Partida 6 (5:01)
103000204
103002004
003002014
043002010
143002000
103002004
100002034
Partida 7 (5:38)
103000204
143000200
043000210
043002010
040302010
240300010
241300000
201300400
201000403
201004003
200004013
Partida 8 (7:02)
103000204
123000004
023000014
023400010
Partida 9 (7:23)
103000204
103002004
100002034
140002030
Partida 10 (7:36)
103000204
103002004
100302004
140302000
040302010
240300010
240000013
040002013
040302010
Partida 11 (8:44)
103000204
103002004
100302004
140302000
040302010
240300010
240000013
040002013
140002003
140000203
140300200
140302000
040302010
Partida 12 (10:43)
103000204
123000004
023000014
023400010
Partida 13 (11:02)
103000204
143000200
140000230
140002030
Partida 14 (11:11)
103000204
103002004
100302004
140302000
040302010
240300010
240000013
200000413
201000403
001002403
001302400
041302000
040302010
Partida 15 (12:14)
103000204
103002004
100302004
140302000
040302010
240300010
240000013
200000413
201000403
201004003
200104003
000104023
030104020
230104000
230004001
230000401
Partida 16 (15:14)
103000204
103002004
100302004
140302000
040302010
240300010
240000013
200000413
201000403
001000423
031000420
031004020
030104020
030100420
031000420
231000400
201000403
201004003
200004013
Partida 17 (16:54)
103000204
103002004
100302004
140302000
040302010
240300010
240000013
200000413
201000403
001000423
031000420
031004020
030104020
230104000
200104300
Partida 18 (18:24) finaliza (19:56)
103000204
103002004
100302004
140302000
040302010
240300010
240000013
200000413
201000403
001000423
031000420
031004020
030104020
430100020
400100320
402100300
402000301
